0.999998331 0.000876668 0.001598386 -0.000488257 -0.000869369 0.999989212 -0.004561892 -0.000203163 -0.001602368 0.004560495 0.999988317 0.062872753
0.999996305 -0.001335972 0.002375168 -0.000496673 0.001348732 0.999984622 -0.005379012 -0.000115008 -0.002367946 0.005382195 0.999982715 0.125734732
0.999992371 -0.003046498 0.002444135 -0.000340377 0.003050030 0.999994278 -0.001442740 -0.000019771 -0.002439725 0.001450183 0.999995947 0.187528685
0.999984801 -0.005333737 0.001375875 -0.000063716 0.005327576 0.999975920 0.004442958 0.000039702 -0.001399539 -0.004435560 0.999989212 0.248338789
0.999962568 -0.008628886 0.000526127 -0.000118922 0.008626348 0.999951959 0.004650116 0.000077022 -0.000566227 -0.004645403 0.999989033 0.311252534
0.999932110 -0.011631699 -0.000660458 -0.000239846 0.011632881 0.999930680 0.001813885 0.000303474 0.000639314 -0.001821446 0.999998093 0.372805744
0.999921024 -0.012428077 -0.001882353 -0.000190495 0.012424241 0.999920785 -0.002035872 0.000592815 0.001907505 0.002012324 0.999996126 0.432969838
0.999933124 -0.011390898 -0.001996643 -0.000690945 0.011386043 0.999932230 -0.002426459 0.000544671 0.002024147 0.002403563 0.999995053 0.492838204
0.999934554 -0.011140443 -0.002618277 -0.001785601 0.011138933 0.999937773 -0.000591252 0.000514384 0.002624701 0.000562048 0.999996364 0.553578496
0.999937773 -0.010801034 -0.002796615 -0.003180072 0.010807003 0.999939322 0.002129055 0.000728974 0.002773450 -0.002159145 0.999993801 0.615056157
0.999928176 -0.011138310 -0.004451895 -0.002235176 0.011156064 0.999929845 0.003983254 0.000471120 0.004407216 -0.004032633 0.999982178 0.673394203
0.999907374 -0.012387847 -0.005651058 -0.001856627 0.012413549 0.999912679 0.004535856 0.000885519 0.005594374 -0.004605585 0.999973774 0.733824193
0.999913812 -0.011942669 -0.005439028 -0.003485757 0.011964156 0.999920666 0.003935404 0.000974630 0.005391597 -0.004000139 0.999977469 0.794122279
0.999894679 -0.012545078 -0.007304924 -0.002396129 0.012566245 0.999916971 0.002859065 0.001175774 0.007268449 -0.002950560 0.999969244 0.851785660
0.999891877 -0.012010802 -0.008480435 -0.003239925 0.012028589 0.999925554 0.002049821 0.000068923 0.008455183 -0.002151608 0.999961913 0.911709666
0.999852002 -0.014143543 -0.009790495 -0.004685206 0.014145334 0.999899924 0.000113770 0.001168382 0.009787906 -0.000252243 0.999952078 0.968630314
0.999862790 -0.013216845 -0.009976047 -0.007131662 0.013209177 0.999912381 -0.000834021 0.001054983 0.009986196 0.000702131 0.999949872 1.027078152
0.999836028 -0.012442013 -0.013157758 -0.006713076 0.012425599 0.999921918 -0.001328694 0.001002591 0.013173266 0.001164984 0.999912500 1.085012078
0.999817371 -0.011709849 -0.015098341 -0.007250950 0.011693940 0.999931037 -0.001141487 0.001053616 0.015110664 0.000964720 0.999885321 1.143371224
0.999799192 -0.011447405 -0.016454022 -0.008981322 0.011440780 0.999934435 -0.000496653 0.001095333 0.016458632 0.000308306 0.999864519 1.200873137
0.999780774 -0.011194893 -0.017697461 -0.010873138 0.011204919 0.999937117 0.000467473 0.001377961 0.017691121 -0.000665669 0.999843359 1.259705305
0.999757707 -0.011034613 -0.019045962 -0.012116076 0.011057968 0.999938250 0.001121420 0.001331281 0.019032408 -0.001331758 0.999817967 1.315728068
0.999721408 -0.012044357 -0.020294428 -0.013615661 0.012072281 0.999926329 0.001254068 0.001164854 0.020277826 -0.001498720 0.999793291 1.372601271
0.999687850 -0.012146351 -0.021837277 -0.015305949 0.012157036 0.999926031 0.000356414 0.001460531 0.021831334 -0.000621779 0.999761462 1.428452373
0.999664724 -0.012443109 -0.022708705 -0.017339187 0.012460655 0.999922097 0.000631240 0.001544380 0.022699084 -0.000913994 0.999741912 1.485197186
0.999630272 -0.012730735 -0.024025604 -0.018418565 0.012804770 0.999913692 0.002930011 0.001439074 0.023986230 -0.003236569 0.999707043 1.540659428
0.999607801 -0.013025288 -0.024793699 -0.020014595 0.013155139 0.999900579 0.005081321 0.001874855 0.024725050 -0.005405493 0.999679625 1.596087456
0.999580145 -0.013605119 -0.025585752 -0.021312339 0.013792504 0.999879241 0.007161568 0.001865419 0.025485232 -0.007511452 0.999646962 1.650674701
0.999593735 -0.012707414 -0.025512710 -0.023818718 0.012880528 0.999895036 0.006632574 0.001645486 0.025425749 -0.006958496 0.999652505 1.705104947
0.999571145 -0.011059325 -0.027114823 -0.024874909 0.011154971 0.999932051 0.003378654 0.002136874 0.027075615 -0.003679672 0.999626637 1.757106900
0.999547899 -0.011104204 -0.027941637 -0.026721019 0.011131179 0.999937713 0.000809982 0.002799909 0.027930900 -0.001120639 0.999609172 1.809464931
0.999534667 -0.010044515 -0.028798992 -0.028265366 0.010079937 0.999948621 0.001085075 0.002453138 0.028786613 -0.001374862 0.999584556 1.862186790
0.999495983 -0.009967006 -0.030139247 -0.030055894 0.010001346 0.999949574 0.000988868 0.002058677 0.030127868 -0.001289803 0.999545217 1.913262367
0.999428988 -0.010050326 -0.032257210 -0.031864062 0.010057156 0.999949396 0.000049535 0.002151592 0.032255080 -0.000373923 0.999479592 1.963623762
0.999365330 -0.010347198 -0.034083765 -0.034094911 0.010352080 0.999946415 -0.000033196 0.002050856 0.034082286 -0.000319663 0.999418974 2.013125896
0.999304533 -0.009530553 -0.036050048 -0.036219377 0.009564052 0.999953926 0.000757019 0.002638818 0.036041178 -0.001101277 0.999349713 2.063564777
0.999234557 -0.010532506 -0.037678361 -0.038482118 0.010667723 0.999937356 0.003389460 0.002251488 0.037640307 -0.003788807 0.999284148 2.112395525
0.999178231 -0.009072632 -0.039507084 -0.041312855 0.009243557 0.999948680 0.004145969 0.002999533 0.039467450 -0.004507748 0.999210656 2.160897732
0.999099135 -0.008318037 -0.041613847 -0.043224663 0.008530417 0.999951482 0.004928665 0.002814556 0.041570831 -0.005279208 0.999121606 2.208145380
0.999013722 -0.006048074 -0.043989018 -0.045394156 0.006254782 0.999970019 0.004562963 0.002529677 0.043960106 -0.004833604 0.999021530 2.254759312
0.998954713 -0.004565367 -0.045480620 -0.048448425 0.004724995 0.999983132 0.003402916 0.002954775 0.045464315 -0.003614255 0.998959422 2.301129103
0.998882294 -0.003995318 -0.047097206 -0.050381426 0.004203507 0.999981821 0.004322227 0.003589629 0.047079083 -0.004515370 0.998880982 2.347297907
0.998837829 -0.001884560 -0.048159931 -0.052899521 0.002196682 0.999976873 0.006428855 0.003679015 0.048146710 -0.006527176 0.998818994 2.392196655
0.998851717 0.000103559 -0.047907859 -0.055869356 0.000234210 0.999975085 0.007044732 0.003513870 0.047907401 -0.007047862 0.998826921 2.435692310
0.998886108 0.003219304 -0.047074661 -0.057942118 -0.002979079 0.999982178 0.005172328 0.003470193 0.047090471 -0.005026327 0.998878002 2.478916645
0.999004245 0.004769703 -0.044359807 -0.061186034 -0.004668116 0.999986231 0.002393391 0.002822802 0.044370607 -0.002183931 0.999012709 2.520035505
0.999087334 0.005633238 -0.042341154 -0.063325241 -0.005643265 0.999984086 -0.000117285 0.004097281 0.042339820 0.000356120 0.999103189 2.561724424
0.999217629 0.006693943 -0.038977593 -0.065328956 -0.006679044 0.999977529 0.000512467 0.004436913 0.038980149 -0.000251733 0.999239922 2.602135897
0.999274492 0.011184833 -0.036405601 -0.066729389 -0.011056240 0.999931931 0.003731624 0.003701640 0.036444858 -0.003326409 0.999330103 2.644721985
0.999362409 0.015498074 -0.032168262 -0.068909079 -0.015284073 0.999859393 0.006887913 0.004115504 0.032270491 -0.006391858 0.999458671 2.685164928
0.999387980 0.020899920 -0.028048553 -0.070290238 -0.020684464 0.999754429 0.007949790 0.003924869 0.028207816 -0.007364756 0.999574900 2.723763704
0.999449193 0.024181217 -0.022725839 -0.071231522 -0.024005719 0.999680161 0.007963672 0.004659414 0.022911143 -0.007413736 0.999710083 2.761380434
0.999457121 0.028351646 -0.016783439 -0.072428346 -0.028183803 0.999551117 0.010154407 0.004672617 0.017063800 -0.009675873 0.999807596 2.799174309
0.999388754 0.033355642 -0.010468453 -0.072675779 -0.033234607 0.999381006 0.011530434 0.004590625 0.010846581 -0.011175470 0.999878764 2.834713697
0.999338508 0.036235876 -0.003063245 -0.073743045 -0.036199111 0.999280632 0.011307235 0.004680797 0.003470768 -0.011188868 0.999931335 2.868954182
0.999215603 0.039364077 0.004321267 -0.073912501 -0.039409310 0.999163270 0.010935038 0.005368495 -0.003887203 -0.011096758 0.999930859 2.901624918
0.998955846 0.044111609 0.011889312 -0.073917113 -0.044240717 0.998962283 0.010823948 0.005075373 -0.011399513 -0.011338642 0.999870718 2.933537722
0.998618901 0.048777040 0.019523183 -0.073692471 -0.048949335 0.998765528 0.008446489 0.005008269 -0.019087089 -0.009390472 0.999773741 2.963653326
0.998343229 0.050443489 0.027680334 -0.073393390 -0.050604839 0.998705387 0.005159538 0.005174117 -0.027384236 -0.006551748 0.999603450 2.992409229
0.998053849 0.051026434 0.035842773 -0.072772838 -0.051224921 0.998676360 0.004640895 0.005564354 -0.035558522 -0.006467907 0.999346614 3.019614220
0.997795761 0.050188635 0.043412276 -0.070748016 -0.050499119 0.998705566 0.006084554 0.005543671 -0.043050706 -0.008263423 0.999038637 3.045090675
0.997351229 0.051560584 0.051302478 -0.069201395 -0.051963583 0.998627484 0.006552050 0.005832527 -0.050894238 -0.009200555 0.998661697 3.068489790
0.996686518 0.054645304 0.060247872 -0.068062112 -0.055152282 0.998454928 0.006783143 0.005736715 -0.059784114 -0.010083475 0.998160422 3.092503071
0.995838344 0.059574362 0.068970434 -0.066444203 -0.060147081 0.998169839 0.006255239 0.005847456 -0.068471566 -0.010377575 0.997599125 3.113074541
0.994952202 0.063265383 0.077895179 -0.065099373 -0.063946456 0.997933686 0.006277995 0.005799511 -0.077337049 -0.011227428 0.996941805 3.132777929
0.994237483 0.062687203 0.086960532 -0.062928796 -0.063546114 0.997953296 0.007141484 0.005460775 -0.086334877 -0.012626334 0.996186137 3.151036263
0.993274987 0.061506357 0.098089986 -0.061417371 -0.062316366 0.998042941 0.005212822 0.005476199 -0.097577393 -0.011290377 0.995163918 3.167950869
0.992105126 0.060294941 0.109962925 -0.059111506 -0.060756776 0.998152256 0.000851053 0.005393462 -0.109708428 -0.007525327 0.993935347 3.184593916
0.990526795 0.061024752 0.123015270 -0.055932850 -0.061068665 0.998127699 -0.003416971 0.005535921 -0.122993477 -0.004127778 0.992398977 3.201550245
0.988345861 0.062865667 0.138637602 -0.053830832 -0.062722348 0.998016298 -0.005406926 0.005111860 -0.138702527 -0.003351763 0.990328431 3.217713594
0.985802829 0.064668410 0.154954240 -0.051040828 -0.064427271 0.997900724 -0.006583050 0.004607836 -0.155054688 -0.003493689 0.987899721 3.234185219
0.982863903 0.065803386 0.172187731 -0.047967672 -0.065424085 0.997826397 -0.007883245 0.004661849 -0.172332197 -0.003517067 0.985032618 3.251459122
0.979697287 0.064263634 0.189904153 -0.043451548 -0.063644074 0.997928679 -0.009365854 0.005029390 -0.190112710 -0.002910574 0.981757939 3.266705751
0.975803852 0.063155979 0.209328055 -0.038931489 -0.062517688 0.997996986 -0.009671333 0.004872557 -0.209519565 -0.003649383 0.977797747 3.283050060
0.971260428 0.063684732 0.229341239 -0.034951687 -0.062966526 0.997960865 -0.010455932 0.004018646 -0.229539484 -0.004285388 0.973289847 3.296409845
0.965972662 0.065547429 0.250200361 -0.029559851 -0.064354949 0.997843027 -0.012953279 0.004064567 -0.250509739 -0.003589118 0.968107402 3.312075615
0.959761798 0.066736557 0.272769988 -0.024199128 -0.065067403 0.997765541 -0.015171140 0.004010864 -0.273172975 -0.003187752 0.961959600 3.326779842
0.952315867 0.068323508 0.297365755 -0.018821359 -0.066545151 0.997653306 -0.016112043 0.003492583 -0.297768772 -0.004444494 0.954627693 3.342814922
0.943616569 0.071225755 0.323287189 -0.012874961 -0.069468811 0.997439444 -0.016986314 0.002876356 -0.323669255 -0.006429810 0.946148515 3.358384848
0.933744848 0.072995767 0.350417167 -0.005376339 -0.071106635 0.997301340 -0.018273402 0.002607759 -0.350805432 -0.007854293 0.936415493 3.374428272
0.922612011 0.073824748 0.378598601 0.002115726 -0.071789682 0.997228980 -0.019509230 0.001985583 -0.378989816 -0.009180018 0.925355315 3.389224291
0.910070062 0.071621075 0.408218920 0.011195183 -0.068786055 0.997396588 -0.021641541 0.001617238 -0.408706188 -0.008384447 0.912627518 3.404230356
0.894854605 0.069126561 0.440972477 0.019959092 -0.065162383 0.997582436 -0.024147969 0.000788368 -0.441575706 -0.007125888 0.897195816 3.418729067
0.877759159 0.068700358 0.474150956 0.030803561 -0.062648132 0.997626543 -0.028571807 0.000364043 -0.474988520 -0.004625511 0.879979849 3.432970047
0.858321071 0.070556924 0.508238852 0.042531133 -0.061882984 0.997505128 -0.033971116 0.000259429 -0.509367764 -0.002293209 0.860545874 3.448395252
0.836591959 0.072601728 0.542994320 0.054623723 -0.061658483 0.997360051 -0.038355991 -0.000632286 -0.544345558 -0.001391894 0.838859916 3.462832689
0.811743200 0.075327612 0.579136252 0.065691948 -0.062668651 0.997156143 -0.041859854 -0.001504116 -0.580642462 -0.002314227 0.814155400 3.476613522
0.784294188 0.079397954 0.615287364 0.079617739 -0.065579459 0.996830285 -0.045040257 -0.002099335 -0.616913199 -0.005025401 0.787015140 3.491901159
0.754349291 0.083433069 0.651149750 0.094453812 -0.069069237 0.996472716 -0.047664020 -0.003336325 -0.652829647 -0.009019109 0.757451057 3.506812572
0.721553981 0.084101856 0.687231064 0.111717820 -0.068340003 0.996399105 -0.050183997 -0.004578173 -0.688977122 -0.010754921 0.724703312 3.521880627
0.684627891 0.082192741 0.724243701 0.129986405 -0.065162279 0.996544957 -0.051497657 -0.005550005 -0.725974202 -0.011936643 0.687618256 3.536904335
0.645634770 0.080823012 0.759357154 0.150751114 -0.062163103 0.996645868 -0.053225610 -0.006659746 -0.761112094 -0.012839698 0.648493290 3.551786184
0.603023648 0.080461748 0.793655097 0.172671437 -0.060533486 0.996647120 -0.055047650 -0.008091129 -0.795423269 -0.014847676 0.605872393 3.566235065
0.557278514 0.079686277 0.826493144 0.196964860 -0.056158703 0.996722162 -0.058232848 -0.009456381 -0.828424335 -0.013962865 0.559926867 3.579684496
0.508873045 0.079086177 0.857201099 0.222637653 -0.053583194 0.996749997 -0.060151700 -0.010888532 -0.859172463 -0.015321989 0.511456847 3.592961788
0.459491849 0.077420570 0.884801328 0.248883486 -0.051872037 0.996832430 -0.060285345 -0.012078568 -0.886665940 -0.018195823 0.462052375 3.605279922
0.410160989 0.074806042 0.908940077 0.278158903 -0.051415049 0.996942043 -0.058847494 -0.014169231 -0.910562634 -0.022596253 0.412752867 3.616278410
0.360321462 0.075140573 0.929796934 0.308987021 -0.054974653 0.996728539 -0.059245422 -0.015278935 -0.931206822 -0.029767867 0.363273501 3.626389980
0.310396433 0.075252429 0.947623909 0.340744495 -0.052048702 0.996711671 -0.062101889 -0.016681023 -0.949181199 -0.030046385 0.313292563 3.636308670
0.263850391 0.071556062 0.961905777 0.372352242 -0.041033890 0.997174382 -0.062924102 -0.019120410 -0.963690400 -0.022868186 0.266041130 3.641181469
0.219102517 0.065928757 0.973471880 0.406678200 -0.027062565 0.997741282 -0.061481334 -0.020620752 -0.975326538 -0.012873928 0.220391810 3.646817207
0.177529797 0.064856522 0.981975973 0.441235006 -0.018679824 0.997868419 -0.062529057 -0.022835918 -0.983938277 -0.007242367 0.178362846 3.650047302
0.138795346 0.066179343 0.988107383 0.477142960 -0.015090190 0.997790158 -0.064708196 -0.024529722 -0.990206182 -0.005929532 0.139487267 3.653882504
0.106606424 0.067001052 0.992041290 0.514900923 -0.006648733 0.997752905 -0.066672303 -0.026901569 -0.994279087 0.000511880 0.106812328 3.655816793
0.077528521 0.065534815 0.994833946 0.553116322 0.000401524 0.997835159 -0.065763816 -0.029262930 -0.996990025 0.005498022 0.077334367 3.657747507
0.052688804 0.063932538 0.996562362 0.592830241 0.007637227 0.997893512 -0.064421721 -0.031367697 -0.998581886 0.011005272 0.052089550 3.658018589
0.032757714 0.062870815 0.997483969 0.632593811 0.012531823 0.997915268 -0.063309543 -0.033341579 -0.999384701 0.014574169 0.031901538 3.658728361
0.016729647 0.064853109 0.997754574 0.674703360 0.014826921 0.997768342 -0.065102629 -0.035311501 -0.999750137 0.015882770 0.015730739 3.658422709
0.003121393 0.064426728 0.997917593 0.715793431 0.014784737 0.997810423 -0.064466059 -0.038007382 -0.999885798 0.014955173 0.002162028 3.658691406
-0.008651608 0.065427430 0.997819841 0.759921134 0.016528081 0.997730196 -0.065278247 -0.040221445 -0.999825895 0.015927287 -0.009713361 3.657811880
-0.017095471 0.068347596 0.997515142 0.803009987 0.021145381 0.997462392 -0.067981608 -0.042540759 -0.999630213 0.019930657 -0.018497325 3.655859470
-0.023795061 0.070162565 0.997251749 0.848526180 0.025374368 0.997255206 -0.069557361 -0.045353144 -0.999394715 0.023649508 -0.025510076 3.654103994
-0.028501347 0.069911189 0.997146010 0.892880023 0.025731308 0.997271955 -0.069184542 -0.047438316 -0.999262452 0.023686018 -0.030222502 3.652676582
-0.032274488 0.067014962 0.997229815 0.940495670 0.023730656 0.997519672 -0.066266425 -0.050019171 -0.999197245 0.021526203 -0.033784755 3.651893139
-0.034913588 0.059826728 0.997597992 0.987741947 0.021755159 0.998015463 -0.059090398 -0.052886337 -0.999153495 0.019639844 -0.036145851 3.650985479
-0.036088150 0.054734487 0.997848570 1.036287189 0.022810442 0.998283923 -0.053933404 -0.054980081 -0.999088228 0.020815009 -0.037274729 3.648783922
-0.036318567 0.052498043 0.997960329 1.085007429 0.025146160 0.998350978 -0.051603451 -0.057114135 -0.999023855 0.023220707 -0.037578799 3.646846294
-0.036309194 0.054209430 0.997869074 1.134834766 0.028421322 0.998179734 -0.053192139 -0.060227372 -0.998936355 0.026429394 -0.037783809 3.644439220
-0.035491992 0.061872985 0.997452736 1.184264541 0.029579369 0.997709453 -0.060836390 -0.062170126 -0.998932183 0.027344819 -0.037240855 3.643029213
-0.033428632 0.069873810 0.996995568 1.234262228 0.030461352 0.997160912 -0.068864048 -0.064611316 -0.998976767 0.028067801 -0.035462178 3.641653538
-0.030475976 0.070568331 0.997041345 1.285640001 0.030984949 0.997091949 -0.069624819 -0.067233272 -0.999055088 0.028771391 -0.032573916 3.639216661
-0.029065758 0.066181734 0.997384071 1.338575602 0.030431939 0.997401774 -0.065296054 -0.070290707 -0.999114156 0.028454447 -0.031004274 3.638556957
-0.026441094 0.059749555 0.997863114 1.391145229 0.029631494 0.997820377 -0.058961831 -0.073485330 -0.999211133 0.028009159 -0.028153928 3.637447596
-0.023994828 0.058027353 0.998026609 1.443964243 0.027909409 0.997963786 -0.057352696 -0.076810569 -0.999322414 0.026478169 -0.025565479 3.636804819
-0.020333866 0.063646019 0.997765422 1.496248841 0.035570130 0.997386098 -0.062896915 -0.079591669 -0.999160290 0.034211703 -0.022544609 3.635145187
-0.017427882 0.068969779 0.997466505 1.547792315 0.037156120 0.996973634 -0.068286501 -0.082761608 -0.999157488 0.035871889 -0.019937787 3.634223461
-0.014723063 0.069387548 0.997481108 1.600474954 0.031154059 0.997136772 -0.068903737 -0.085884236 -0.999406159 0.030061105 -0.016842606 3.634212494
-0.011895426 0.066073067 0.997743905 1.653384924 0.026855024 0.997475684 -0.065735117 -0.088937171 -0.999568582 0.026012488 -0.013639793 3.634828806
-0.006897166 0.062535457 0.998018920 1.706454635 0.030468190 0.997592509 -0.062298167 -0.092485249 -0.999511957 0.029978152 -0.008785904 3.634063482
-0.003445201 0.063265257 0.997990906 1.759111285 0.035126206 0.997388422 -0.063105814 -0.096129149 -0.999376953 0.034838222 -0.005658472 3.633191109
-0.000756287 0.068123572 0.997676671 1.810828328 0.034865804 0.997072101 -0.068055868 -0.098903202 -0.999391735 0.034733329 -0.003129256 3.633547306
0.002922318 0.068583101 0.997641146 1.864051819 0.031419445 0.997146547 -0.068641134 -0.102306239 -0.999502003 0.031545922 0.000759136 3.634291649
0.006846847 0.068268225 0.997643530 1.916523576 0.030379795 0.997192144 -0.068445824 -0.105456583 -0.999514937 0.030776847 0.004753648 3.634573698
0.010309005 0.064839445 0.997842371 1.970299602 0.034502402 0.997278154 -0.065159231 -0.109292433 -0.999351442 0.035099693 0.008043830 3.634984970
0.014461305 0.065402888 0.997754037 2.022346258 0.038933828 0.997064948 -0.065922007 -0.112317368 -0.999137223 0.039799709 0.011872478 3.634611368
0.017662834 0.066454850 0.997632980 2.075906992 0.041810922 0.996866763 -0.067144074 -0.115708157 -0.998969316 0.042897914 0.014828956 3.635781527
0.020038102 0.066120498 0.997610331 2.128569126 0.042628005 0.996846795 -0.066926114 -0.119025424 -0.998890042 0.043867208 0.017156333 3.637344599
0.023800997 0.064692326 0.997621298 2.182294607 0.043575615 0.996888518 -0.065684423 -0.122546002 -0.998766541 0.045035318 0.020907931 3.638398409
0.027475566 0.063658357 0.997593403 2.235208035 0.045976635 0.996833622 -0.064876139 -0.125854403 -0.998564601 0.047648497 0.024461765 3.639519453
0.030392542 0.064007290 0.997486532 2.287748098 0.044392653 0.996876359 -0.065320745 -0.128796265 -0.998551786 0.046266332 0.027456155 3.641229153
0.033064209 0.065658577 0.997294188 2.342675686 0.041294660 0.996897936 -0.067001566 -0.132381946 -0.998599887 0.043398276 0.030250290 3.644126654
0.036027048 0.065914094 0.997174740 2.395605564 0.042964134 0.996797681 -0.067441449 -0.135175154 -0.998426855 0.045272462 0.033079736 3.646015406
0.038488396 0.065673150 0.997098684 2.449349165 0.041348856 0.996878743 -0.067254730 -0.138759747 -0.998403072 0.043817420 0.035652749 3.648751259
0.040917564 0.066104516 0.996973395 2.504380941 0.039017409 0.996942341 -0.067703769 -0.141839266 -0.998400331 0.041669592 0.038213223 3.651008368
0.043989718 0.065997593 0.996849597 2.558201313 0.036115494 0.997058272 -0.067605123 -0.145622596 -0.998378932 0.038975645 0.041476775 3.653605700
0.047379810 0.067816287 0.996572196 2.612047672 0.034880370 0.996971846 -0.069501780 -0.148943216 -0.998267770 0.038053785 0.044870872 3.656373739
0.050595056 0.071514115 0.996155500 2.666838408 0.033901654 0.996735215 -0.073277593 -0.152285427 -0.998143673 0.037478805 0.048005421 3.659163475
0.053998321 0.073589429 0.995825708 2.721393585 0.034379810 0.996552348 -0.075507373 -0.155905753 -0.997948945 0.038313564 0.051282164 3.662221909
0.056995861 0.076363705 0.995449662 2.776585340 0.028254857 0.996547699 -0.078065708 -0.159198597 -0.997974455 0.032575704 0.054641444 3.665967464
0.059607323 0.075228594 0.995383143 2.832065582 0.023913829 0.996762514 -0.076764882 -0.163378268 -0.997935414 0.028379172 0.057615336 3.670241833
0.063000910 0.075754546 0.995134234 2.887366056 0.026501549 0.996636450 -0.077546701 -0.167375416 -0.997661591 0.031258110 0.060781389 3.674251080
0.067185827 0.076978154 0.994766533 2.943270445 0.025333231 0.996566176 -0.078828402 -0.171469152 -0.997418940 0.030496800 0.065005027 3.677686453
0.070379622 0.077754796 0.994485319 2.999357939 0.021517877 0.996607065 -0.079443514 -0.175419450 -0.997288287 0.026990416 0.068467714 3.682975292
0.074791394 0.075809278 0.994313359 3.055768967 0.020330766 0.996782959 -0.077526815 -0.179446325 -0.996991932 0.026013494 0.073009521 3.687217236
0.079688326 0.075509422 0.993955791 3.112044573 0.020726144 0.996785700 -0.077386104 -0.184058994 -0.996604443 0.026767636 0.077867165 3.691498518
0.084748082 0.079575703 0.993219793 3.168740034 0.017031752 0.996544540 -0.081295349 -0.187629759 -0.996256828 0.023805896 0.083099924 3.696998835
0.090843096 0.087995194 0.991969943 3.226782084 0.015385369 0.995845675 -0.089747980 -0.192391843 -0.995746315 0.023414813 0.089111872 3.702643394
0.097949803 0.093148105 0.990822494 3.283613205 0.014334377 0.995374739 -0.094993129 -0.196390867 -0.995088160 0.023507381 0.096161529 3.708959341
0.104879171 0.095920771 0.989848197 3.340886116 0.009310831 0.995199203 -0.097425818 -0.201832414 -0.994441330 0.019434249 0.103482574 3.716265917
0.112236284 0.094041854 0.989221513 3.398403406 0.006042225 0.995428562 -0.095317483 -0.206669807 -0.993663192 0.016675180 0.111154988 3.722902775
0.119846970 0.092693374 0.988455713 3.455770493 0.005527038 0.995554090 -0.094029166 -0.211653054 -0.992776990 0.016732343 0.118801825 3.730190516
0.127632663 0.089021571 0.987818360 3.515183687 0.006369979 0.995869756 -0.090570197 -0.216402024 -0.991801023 0.017852098 0.126538441 3.737765789
0.134520024 0.083088927 0.987421155 3.573342085 0.002847604 0.996441782 -0.084235929 -0.222180009 -0.990906775 0.014143204 0.133804768 3.746671915
0.141726479 0.075275920 0.987039566 3.631975174 0.000452215 0.997099459 -0.076108068 -0.227003410 -0.989905655 0.011232880 0.141281337 3.755816698
0.148795351 0.073093422 0.986162901 3.689419508 -0.000538516 0.997270226 -0.073835440 -0.231933028 -0.988867879 0.010455303 0.148428515 3.765289068
0.156128451 0.075204223 0.984869659 3.746521711 0.000179307 0.997095108 -0.076166183 -0.235275939 -0.987736762 0.012068302 0.155661434 3.774643898
0.161919430 0.081964821 0.983394146 3.802223921 0.001135765 0.996528387 -0.083246566 -0.239150941 -0.986803353 0.014596141 0.161264226 3.783836365
0.167186424 0.085592374 0.982202888 3.858443737 -0.001012640 0.996238887 -0.086643137 -0.243741781 -0.985924780 0.013490940 0.166644275 3.793752193
0.172104985 0.088495843 0.981095433 3.913734674 -0.001948193 0.995985210 -0.089497142 -0.248409808 -0.985076725 0.013491543 0.171586424 3.804193020
0.178019851 0.088116422 0.980073690 3.968348026 -0.004311523 0.996042848 -0.088769026 -0.253033787 -0.984017551 0.011577039 0.177695334 3.813679695
0.182766914 0.084982373 0.979476511 4.023020267 -0.000698952 0.996268213 -0.086308837 -0.258178383 -0.983155966 0.015089794 0.182144269 3.824388027
0.186627477 0.078735478 0.979270697 4.078282833 -0.000858035 0.996796012 -0.079981044 -0.262168497 -0.982430339 0.014086411 0.186097085 3.836052895
0.190006897 0.072899789 0.979072571 4.131377220 -0.002571841 0.997272968 -0.073755853 -0.266490757 -0.981779337 0.011496103 0.189676225 3.846621752
0.193633750 0.068992592 0.978644967 4.184277534 -0.005503420 0.997584939 -0.069238901 -0.270697653 -0.981058419 0.008021096 0.193545759 3.857254028
0.196556881 0.068614356 0.978088677 4.235265255 -0.006478278 0.997617483 -0.068682462 -0.274529159 -0.980471015 0.007163676 0.196533039 3.868711472
0.199299023 0.070821419 0.977376163 4.287688255 -0.008269196 0.997471035 -0.070591316 -0.278235614 -0.979903817 0.005986664 0.199380666 3.878977299
0.200520918 0.075300142 0.976791322 4.337631226 -0.012990481 0.997158527 -0.074203476 -0.282085478 -0.979603291 0.002190363 0.200929329 3.890215397
0.202311769 0.079121701 0.976119697 4.386455536 -0.013454870 0.996861517 -0.078014292 -0.285814762 -0.979228735 0.002649647 0.202741370 3.901186943
0.204535082 0.084883288 0.975171924 4.435328007 -0.014173189 0.996385396 -0.083757080 -0.289472580 -0.978756666 0.003309967 0.204998821 3.911902905
0.206925496 0.086517669 0.974523783 4.483767033 -0.012614243 0.996235371 -0.085766762 -0.293527484 -0.978275418 0.005454452 0.207237825 3.921769619
0.207530662 0.086728819 0.974376261 4.532250404 -0.015450071 0.996228397 -0.085383199 -0.297129273 -0.978106499 0.002665449 0.208087936 3.933444738
0.207751974 0.083850570 0.974581003 4.579038143 -0.015892537 0.996477008 -0.082346633 -0.301200986 -0.978052497 0.001619113 0.208352700 3.944169283
0.209221601 0.080997057 0.974507928 4.626242638 -0.015536345 0.996713161 -0.079507098 -0.305428743 -0.977744818 0.001494312 0.209792316 3.953751564
0.209188715 0.079766288 0.974616468 4.671780586 -0.014746580 0.996811450 -0.078417659 -0.309143037 -0.977764010 0.002031829 0.209697992 3.963597298
0.207129896 0.079262875 0.975097239 4.717598438 -0.015263104 0.996852994 -0.077789173 -0.312606007 -0.978194356 0.001229454 0.207687899 3.974562168
0.205750078 0.079683378 0.975355029 4.762100697 -0.016534496 0.996820211 -0.077949069 -0.316904128 -0.978465021 -0.000088976 0.206413344 3.983453035
0.203544348 0.082573742 0.975577474 4.805440903 -0.017295990 0.996584833 -0.080743209 -0.320401549 -0.978913009 -0.000438758 0.204277441 3.992649555
0.200966150 0.086674526 0.975756109 4.848188877 -0.015298599 0.996234298 -0.085342646 -0.323854208 -0.979478717 0.002223283 0.201535344 4.002157211
0.199599177 0.086952649 0.976011932 4.891507626 -0.013061806 0.996202588 -0.086080231 -0.327574223 -0.979790509 0.004433063 0.199976981 4.010352135
0.197821021 0.085481338 0.976503789 4.933376312 -0.013586876 0.996333778 -0.084464774 -0.330990642 -0.980144024 0.003441274 0.198257208 4.018136024
0.195085660 0.082996331 0.977268219 4.974954605 -0.014049928 0.996547341 -0.081828937 -0.334088445 -0.980685592 0.002233108 0.195578232 4.027094841
0.193077311 0.078638494 0.978027105 5.016120434 -0.013966736 0.996902406 -0.077398911 -0.338099301 -0.981084108 0.001284130 0.193577573 4.035223961
0.191130921 0.078136519 0.978449583 5.056136131 -0.010355309 0.996931612 -0.077589639 -0.341342449 -0.981509924 0.004697629 0.191353589 4.042660713
0.189449623 0.079400681 0.978674829 5.096068382 -0.006339896 0.996803224 -0.079644188 -0.344572604 -0.981869996 0.008883864 0.189347371 4.050240040
0.186860487 0.081493407 0.979000509 5.133654118 -0.002138166 0.996584654 -0.082549028 -0.347475082 -0.982384086 0.013331889 0.186396539 4.057022572
0.184591949 0.083840631 0.979232609 5.172320366 -0.003055812 0.996398926 -0.084734343 -0.350008428 -0.982810497 0.012648929 0.184183434 4.065140724
0.183323786 0.085854806 0.979296327 5.210248470 -0.002621022 0.996218204 -0.086847700 -0.353540301 -0.983049154 0.013354491 0.182855487 4.072418213
0.182633772 0.084105372 0.979577065 5.249546528 -0.001061030 0.996350527 -0.085347719 -0.356832743 -0.983180583 0.014548016 0.182056502 4.079157352
0.183503568 0.082109146 0.979583800 5.287564278 0.004858088 0.996417463 -0.084430210 -0.360222429 -0.983007073 0.020252151 0.182447284 4.085393429
0.185603216 0.081169724 0.979266524 5.327557564 0.009774114 0.996380568 -0.084440775 -0.362307698 -0.982576132 0.025243945 0.184138060 4.092550755
0.188035235 0.080439001 0.978862762 5.366758347 0.012630033 0.996360123 -0.084303044 -0.365581661 -0.982081056 0.028215013 0.186334878 4.099608898
0.191631511 0.079730958 0.978223085 5.405717850 0.009657037 0.996493459 -0.083111890 -0.369333684 -0.981419444 0.025373593 0.190189570 4.107606888
0.196456760 0.080847688 0.977173686 5.445775032 0.008493003 0.996417105 -0.084147304 -0.371950269 -0.980475724 0.024830444 0.195066214 4.116212845
0.203403249 0.079467274 0.975864708 5.484714031 0.009929498 0.996482015 -0.083215833 -0.374803960 -0.979044735 0.026616219 0.201898620 4.123866081
0.210647270 0.080057554 0.974278390 5.525915146 0.007972398 0.996467113 -0.083604515 -0.377808392 -0.977529645 0.025378399 0.209264815 4.133821487
0.219763577 0.077799834 0.972445846 5.567097664 0.008500605 0.996624351 -0.081655271 -0.381018162 -0.975516140 0.026211230 0.218360409 4.143101692
0.228186369 0.077745646 0.970508397 5.607041359 0.005158488 0.996696174 -0.081056349 -0.384131968 -0.973603845 0.023502311 0.227031425 4.153684139
0.237589866 0.077289075 0.968285859 5.649092674 0.003788202 0.996748209 -0.080490470 -0.387410581 -0.971358180 0.022791786 0.236524507 4.164721012
0.247417375 0.080785356 0.965535283 5.690124989 -0.001368544 0.996546149 -0.083029322 -0.390995085 -0.968908012 0.019221518 0.246673405 4.176362991
0.256505132 0.083399706 0.962938011 5.732994556 -0.005189930 0.996374846 -0.084913187 -0.393712997 -0.966528952 0.016783087 0.256008089 4.188987732
0.267550349 0.085794844 0.959716678 5.775722504 -0.009125401 0.996208966 -0.086513110 -0.397172630 -0.963500679 0.014388816 0.267318934 4.201540947
0.277734518 0.087883890 0.956629455 5.819413662 -0.010992961 0.996032119 -0.088312201 -0.400925815 -0.960595012 0.014011156 0.277598590 4.215091228
0.287229002 0.088448964 0.953769505 5.862360001 -0.013725435 0.996005297 -0.088232346 -0.404383421 -0.957763553 0.012251983 0.287295580 4.229189873
0.297582179 0.088828504 0.950554788 5.906622887 -0.014892809 0.995972812 -0.088410415 -0.408203781 -0.954580069 0.012152932 0.297706634 4.243594170
0.307893574 0.090205006 0.947134852 5.951518059 -0.019042095 0.995880067 -0.088657312 -0.410959423 -0.951230168 0.009261583 0.308342785 4.259175301
0.318318397 0.085381694 0.944130957 5.997239590 -0.018204564 0.996302545 -0.083962031 -0.414233267 -0.947809041 0.009539166 0.318695813 4.275078773
0.328872174 0.078300640 0.941122711 6.044273376 -0.014799038 0.996861756 -0.077766612 -0.417793155 -0.944258451 0.011647565 0.328998834 4.291980743
0.339625180 0.073821679 0.937659383 6.091029644 -0.012828128 0.997186005 -0.073861793 -0.421196252 -0.940473437 0.013056907 0.339616448 4.309605122
0.350337923 0.070370160 0.933976114 6.140926838 -0.013834980 0.997453630 -0.069963284 -0.425206542 -0.936521173 0.011589251 0.350419402 4.328301430
0.360255063 0.068002656 0.930371940 6.190128803 -0.007520112 0.997518659 -0.069998637 -0.427741289 -0.932823539 0.018220861 0.359872639 4.346898556
0.368171185 0.062967591 0.927623272 6.239259243 -0.001332917 0.997738898 -0.067198031 -0.430524290 -0.929757059 0.023503941 0.367422551 4.366844177
0.375262290 0.053589996 0.925368130 6.290138721 0.008075621 0.998100400 -0.061076954 -0.433715612 -0.926883519 0.030392798 0.374116689 4.387152672
0.382442713 0.048890885 0.922684789 6.341195107 0.013589607 0.998193443 -0.058524661 -0.436747164 -0.923879266 0.034921251 0.381087422 4.407161713
0.389905512 0.047829635 0.919611871 6.391261578 0.015934249 0.998150229 -0.058670416 -0.441317439 -0.920716941 0.037529241 0.388422161 4.428472996
0.397320479 0.055095360 0.916024446 6.442787647 0.018166443 0.997528315 -0.067877099 -0.442920327 -0.917500079 0.043609865 0.395337492 4.450599194
0.404739529 0.059749555 0.912477791 6.491984367 0.022030020 0.996936321 -0.075051591 -0.445265770 -0.914166629 0.050478257 0.402183235 4.471251011
0.409880906 0.061663676 0.910052299 6.543252945 0.019861091 0.996872365 -0.076491758 -0.449538112 -0.911922812 0.049427144 0.407374263 4.495338440
0.414259821 0.063312612 0.907953858 6.593023300 0.012835316 0.997071981 -0.075383119 -0.453433275 -0.910068154 0.042882070 0.412234306 4.519782543
0.418096483 0.066780806 0.905944586 6.642640591 0.006124090 0.997064292 -0.076323889 -0.457663298 -0.908381939 0.037458837 0.416460127 4.543342590
0.422509342 0.070433244 0.903617680 6.692396641 0.005100097 0.996775568 -0.080079168 -0.461462766 -0.906344175 0.038442738 0.420787752 4.566729546
0.426402509 0.073987208 0.901502490 6.739000320 0.002387475 0.996553540 -0.082917377 -0.465756148 -0.904530346 0.037508499 0.424756378 4.589150429
0.429696798 0.076947287 0.899688661 6.785075665 -0.000924603 0.996399522 -0.084777035 -0.469753385 -0.902972758 0.035596561 0.428220838 4.611980438
0.433399200 0.075711370 0.898016095 6.832205772 -0.002825128 0.996574044 -0.082657285 -0.474498987 -0.901197553 0.033286598 0.432128310 4.635306835
0.437894493 0.072222486 0.896120846 6.879235744 -0.000621206 0.996792078 -0.080032505 -0.478137016 -0.899026155 0.034489106 0.436534613 4.658601761
0.441050440 0.069451012 0.894791067 6.925641537 -0.000612506 0.997024417 -0.077084154 -0.482061654 -0.897482097 0.033449929 0.439780533 4.682538509
0.444517702 0.068313286 0.893161356 6.969424248 -0.001589078 0.997146368 -0.075475693 -0.486147821 -0.895768642 0.032130972 0.443357766 4.704730034
0.447969854 0.070334196 0.891277790 7.013612747 -0.003721107 0.997038782 -0.076809928 -0.489535451 -0.894040942 0.031091988 0.446905047 4.727323532
0.450493544 0.070758842 0.889971256 7.056731701 -0.003201272 0.996975839 -0.077646010 -0.493672013 -0.892773926 0.032129992 0.449357688 4.750113010
0.452858746 0.068984471 0.888909459 7.100079536 -0.000613263 0.997026086 -0.077062525 -0.496896029 -0.891582072 0.034353297 0.451554358 4.771983624
0.454731405 0.067741908 0.888048589 7.142297268 0.001584713 0.997040093 -0.076867431 -0.500373125 -0.890627265 0.036361340 0.453278065 4.793292522
0.456357419 0.067751989 0.887213409 7.183350086 -0.000007629 0.997097135 -0.076139346 -0.504140496 -0.889796555 0.034739982 0.455033153 4.815313339
0.458938032 0.067127392 0.885928869 7.224399090 0.001568668 0.997078896 -0.076361932 -0.507227957 -0.888466835 0.036435112 0.457492113 4.835906029
0.461029798 0.068936981 0.884702921 7.263423443 0.000519448 0.996956885 -0.077954605 -0.511173010 -0.887384534 0.036398958 0.459590912 4.856817245
0.463829249 0.068492346 0.883273005 7.302195549 0.003435206 0.996860385 -0.079104275 -0.515063405 -0.885917902 0.039725102 0.462137818 4.876395702
0.467460036 0.068152189 0.881383240 7.340924740 0.005427837 0.996783674 -0.079954199 -0.517860889 -0.883997619 0.042159401 0.465586662 4.896472931
0.470162779 0.066093951 0.880101442 7.378770351 0.008319217 0.996815801 -0.079303227 -0.521545768 -0.882540524 0.044607177 0.468115777 4.917348862
0.473426342 0.065130457 0.878422201 7.415943623 0.010282979 0.996785820 -0.079448543 -0.524398565 -0.880773365 0.046645828 0.471235007 4.937447071
0.477152497 0.064659312 0.876438618 7.451920033 0.010620255 0.996792555 -0.079320356 -0.528110921 -0.878756285 0.047155902 0.474935412 4.956060886
0.480449468 0.064114183 0.874675751 7.487966061 0.011263512 0.996790946 -0.079252213 -0.531159818 -0.876950026 0.047928609 0.478185505 4.976270676
0.483852416 0.063778237 0.872822583 7.523390293 0.012178195 0.996753693 -0.079585083 -0.534707904 -0.875064850 0.049136840 0.481505007 4.996022701
0.487854242 0.064739354 0.870521188 7.558663368 0.012357360 0.996633947 -0.081043445 -0.537552476 -0.872837603 0.050294731 0.485412091 5.015767574
0.492212534 0.065048479 0.868041158 7.593786240 0.014615107 0.996445835 -0.082958080 -0.540412486 -0.870352328 0.053519521 0.489512563 5.035538197
0.497288764 0.068179086 0.864901960 7.627925396 0.012587724 0.996235490 -0.085769445 -0.543770134 -0.867493689 0.053539336 0.494558513 5.055191994
0.502387345 0.074572682 0.861420751 7.662655830 0.009022301 0.995767534 -0.091464862 -0.546760201 -0.864595532 0.053722795 0.499588132 5.076897621
0.508333206 0.081218868 0.857321918 7.696433544 0.003565266 0.995335579 -0.096407615 -0.550808251 -0.861153066 0.052063774 0.505672514 5.097325802
0.514186025 0.087629512 0.853190362 7.730315208 -0.001784095 0.994874120 -0.101106346 -0.554212093 -0.857676864 0.050465293 0.511706531 5.119327068
0.520984888 0.091816619 0.848613203 7.763995171 -0.005916826 0.994562328 -0.103975259 -0.558615208 -0.853545427 0.049148437 0.518695176 5.139820576
0.526203454 0.092490226 0.845313847 7.798627377 -0.009535887 0.994646668 -0.102893479 -0.561432302 -0.850305259 0.046082087 0.524268508 5.163186073
0.531596661 0.091570146 0.842033267 7.832481384 -0.015977049 0.995046020 -0.098123401 -0.565225005 -0.846846998 0.038708854 0.530426145 5.185456753
0.536991298 0.089223489 0.838856101 7.868124008 -0.022461502 0.995550692 -0.091511384 -0.569080412 -0.843288779 0.030298844 0.536606193 5.210965633
0.543286741 0.087513156 0.834973633 7.903902531 -0.028619410 0.995904803 -0.085758649 -0.572665036 -0.839059293 0.022695087 0.543566465 5.234068394
0.549342453 0.085696906 0.831191182 7.939370632 -0.030819170 0.996128142 -0.082333431 -0.575724244 -0.835028708 0.019612631 0.549856603 5.258922100
0.555772007 0.089258403 0.826529145 7.975256443 -0.035966963 0.995870113 -0.083361052 -0.579240441 -0.830556393 0.016601995 0.556687117 5.284179688
0.561313093 0.093326546 0.822324634 8.012874603 -0.040289335 0.995524764 -0.085482009 -0.582528472 -0.826622248 0.014851259 0.562561154 5.311604500
0.568008184 0.096796684 0.817310870 8.050451279 -0.042314265 0.995180905 -0.088455170 -0.585147738 -0.821934342 0.015659356 0.569366872 5.337519646
0.574407935 0.098967001 0.812564611 8.087302208 -0.045698695 0.994993329 -0.088881314 -0.589642227 -0.817292690 0.013920986 0.576054573 5.364303589
0.580227137 0.099721886 0.808326781 8.126001358 -0.048343763 0.994942844 -0.088042639 -0.592609406 -0.813018620 0.012007178 0.582113683 5.394285679
0.586434066 0.102431230 0.803494275 8.164479256 -0.054952927 0.994717658 -0.086701170 -0.595946789 -0.808130682 0.006690166 0.588965118 5.423748970
0.593324363 0.099788554 0.798754394 8.204988480 -0.055078171 0.994993567 -0.083392039 -0.600414693 -0.803076982 0.005484594 0.595850050 5.454841614
0.600619912 0.097724147 0.793539941 8.245388031 -0.055620722 0.995204747 -0.080460474 -0.604544401 -0.797597528 0.004188911 0.603175342 5.486965656
