0.999998093 0.000992197 0.001679601 -0.000544113 -0.000984502 0.999989033 -0.004576014 -0.000148902 -0.001684123 0.004574353 0.999988139 0.056114387
0.999996066 -0.001096777 0.002587650 -0.000702938 0.001110980 0.999984264 -0.005493946 -0.000053650 -0.002581583 0.005496801 0.999981642 0.112218037
0.999992967 -0.002677551 0.002614471 -0.000509643 0.002681191 0.999995351 -0.001389547 -0.000070693 -0.002610738 0.001396547 0.999995589 0.168225080
0.999985218 -0.005148037 0.001741927 0.000014260 0.005139933 0.999976039 0.004625265 -0.000151584 -0.001765696 -0.004616245 0.999987721 0.222260877
0.999963224 -0.008545479 0.000752900 -0.000400768 0.008541839 0.999952435 0.004710042 -0.000004029 -0.000793114 -0.004703438 0.999988616 0.278841436
0.999936879 -0.011234468 -0.000121198 -0.000708198 0.011234670 0.999935210 0.001813254 0.000247269 0.000100819 -0.001814501 0.999998391 0.334091246
0.999926686 -0.012019201 -0.001439909 -0.000318088 0.012016570 0.999926150 -0.001821139 0.000307635 0.001461691 0.001803703 0.999997258 0.388182759
0.999935865 -0.011199548 -0.001635752 -0.000941927 0.011195934 0.999934912 -0.002200987 0.000328016 0.001660296 0.002182532 0.999996185 0.441951722
0.999934912 -0.011219629 -0.002093473 -0.002063192 0.011218765 0.999936998 -0.000423636 0.000374056 0.002098094 0.000400122 0.999997735 0.496268839
0.999940574 -0.010598024 -0.002540100 -0.002662547 0.010604492 0.999940515 0.002547420 0.000247931 0.002512951 -0.002574204 0.999993503 0.549717784
0.999933243 -0.010785141 -0.004147522 -0.002106949 0.010801658 0.999933660 0.003980019 0.000398565 0.004104322 -0.004024554 0.999983490 0.603980303
0.999915123 -0.011990293 -0.005093810 -0.002087223 0.012013262 0.999917626 0.004502740 0.000779407 0.005039402 -0.004563550 0.999976873 0.658360958
0.999920070 -0.011487349 -0.005279828 -0.002985931 0.011508672 0.999925673 0.004025885 0.001111420 0.005233189 -0.004086327 0.999978006 0.711707175
0.999903560 -0.011602911 -0.007629646 -0.001237412 0.011634137 0.999924064 0.004061120 -0.000250318 0.007581946 -0.004149492 0.999962628 0.764032543
0.999890745 -0.012689989 -0.007574026 -0.004125649 0.012697876 0.999918878 0.000994300 0.001389935 0.007560795 -0.001090366 0.999970794 0.817362905
0.999852061 -0.014265832 -0.009602013 -0.003996612 0.014270657 0.999898076 0.000434060 0.001156670 0.009594843 -0.000571023 0.999953806 0.868963957
0.999848664 -0.013400655 -0.011090247 -0.004858444 0.013393976 0.999909997 -0.000676385 0.001295820 0.011098312 0.000527741 0.999938250 0.921906590
0.999856651 -0.011595984 -0.012340891 -0.006146222 0.011575012 0.999931395 -0.001769605 0.001202635 0.012360564 0.001626505 0.999922276 0.974723101
0.999839246 -0.010711848 -0.014387434 -0.006885541 0.010688005 0.999941349 -0.001733153 0.001219701 0.014405158 0.001579101 0.999894977 1.026160240
0.999812543 -0.011206990 -0.015795179 -0.007886075 0.011191865 0.999936759 -0.001045503 0.001513234 0.015805902 0.000868529 0.999874651 1.078144431
0.999790668 -0.010770542 -0.017404249 -0.009034991 0.010782609 0.999941707 0.000599586 0.001141128 0.017396778 -0.000787124 0.999848366 1.130457282
0.999781966 -0.010273531 -0.018185025 -0.010672142 0.010303511 0.999945700 0.001555711 0.000769939 0.018168055 -0.001742741 0.999833405 1.181768298
0.999731481 -0.011399193 -0.020175297 -0.011465989 0.011425519 0.999933958 0.001190064 0.000991276 0.020160403 -0.001420258 0.999795675 1.232634187
0.999689519 -0.010982813 -0.022368064 -0.012266632 0.011005528 0.999939024 0.000892729 0.001007994 0.022356894 -0.001138624 0.999749422 1.283666611
0.999671578 -0.011269932 -0.023012554 -0.014111338 0.011287749 0.999936104 0.000644433 0.001408575 0.023003824 -0.000903982 0.999734998 1.334054589
0.999633133 -0.010947555 -0.024771104 -0.015060669 0.011002949 0.999937296 0.002100976 0.001707349 0.024746550 -0.002372761 0.999691010 1.384364486
0.999621093 -0.011907805 -0.024815779 -0.016972311 0.012045225 0.999912918 0.005395436 0.001633523 0.024749374 -0.005692304 0.999677479 1.433666110
0.999591291 -0.011591376 -0.026132528 -0.018080030 0.011779932 0.999905646 0.007073061 0.001688361 0.026048074 -0.007378009 0.999633491 1.482856631
0.999585807 -0.011610718 -0.026330443 -0.019851850 0.011767915 0.999913752 0.005823066 0.001881547 0.026260562 -0.006130509 0.999636352 1.530784726
0.999587417 -0.009932837 -0.026949132 -0.021737022 0.010024829 0.999944389 0.003280579 0.002253043 0.026915047 -0.003549386 0.999631464 1.578183532
0.999567091 -0.009675840 -0.027784843 -0.023057234 0.009722934 0.999951541 0.001560356 0.002259495 0.027768398 -0.001829831 0.999612689 1.624554276
0.999560714 -0.008349902 -0.028434811 -0.024932340 0.008387004 0.999964178 0.001185774 0.002401494 0.028423887 -0.001423736 0.999594927 1.671153307
0.999514580 -0.008625229 -0.029934255 -0.026427874 0.008650525 0.999962330 0.000715638 0.002288853 0.029926950 -0.000974238 0.999551594 1.716817856
0.999450147 -0.008894895 -0.031939220 -0.028155871 0.008884271 0.999960423 -0.000474572 0.002297650 0.031942170 0.000190555 0.999489665 1.762740970
0.999385476 -0.008895863 -0.033902556 -0.029644389 0.008894391 0.999960423 -0.000194206 0.002123646 0.033902932 -0.000107456 0.999425113 1.807121038
0.999334097 -0.009076909 -0.035341017 -0.032129668 0.009124838 0.999957621 0.001195089 0.002044044 0.035328671 -0.001516774 0.999374628 1.850687385
0.999210060 -0.009224231 -0.038653411 -0.032606773 0.009362700 0.999950409 0.003402867 0.001919645 0.038620107 -0.003762079 0.999246895 1.895242333
0.999178231 -0.008216187 -0.039688338 -0.035427261 0.008419422 0.999952257 0.004956300 0.001874052 0.039645713 -0.005286379 0.999199808 1.938895106
0.999118388 -0.006475420 -0.041480012 -0.037731368 0.006673400 0.999967039 0.004636221 0.002565633 0.041448615 -0.004908945 0.999128640 1.981863618
0.999018490 -0.004170892 -0.044100925 -0.039094482 0.004366334 0.999980986 0.004336277 0.001975522 0.044082005 -0.004524580 0.999017596 2.023606539
0.998944759 -0.003077437 -0.045826022 -0.041342381 0.003247584 0.999988019 0.003638936 0.002174550 0.045814276 -0.003783919 0.998942733 2.064932823
0.998836756 -0.002929355 -0.048130531 -0.042902630 0.003144619 0.999985337 0.004397382 0.002853789 0.048116948 -0.004543620 0.998831332 2.105952978
0.998821795 -0.000862888 -0.048520014 -0.045755494 0.001191060 0.999976635 0.006735143 0.002492408 0.048513070 -0.006784998 0.998799503 2.146405697
0.998828828 0.001663890 -0.048354570 -0.048513487 -0.001305133 0.999971449 0.007449921 0.002307863 0.048365582 -0.007378087 0.998802483 2.185547113
0.998863101 0.005172515 -0.047389314 -0.050242841 -0.004925440 0.999973655 0.005329030 0.002343129 0.047415629 -0.005089558 0.998862267 2.223692656
0.998940945 0.007369455 -0.045417994 -0.052475411 -0.007257689 0.999970198 0.002625265 0.002057823 0.045435995 -0.002292855 0.998964608 2.260463715
0.999021411 0.007156611 -0.043646850 -0.053997543 -0.007152970 0.999974370 0.000239591 0.002844395 0.043647446 0.000072848 0.999046981 2.299753428
0.999156177 0.007979235 -0.040290195 -0.056110855 -0.007943286 0.999967933 0.001052225 0.003028996 0.040297296 -0.000731301 0.999187469 2.337054729
0.999218881 0.012702052 -0.037422638 -0.057497926 -0.012574797 0.999914289 0.003633907 0.003143387 0.037465595 -0.003160486 0.999292910 2.374514580
0.999295235 0.017377961 -0.033271402 -0.059434272 -0.017144319 0.999826431 0.007294794 0.002888527 0.033392396 -0.006719237 0.999419689 2.409946203
0.999332309 0.022258488 -0.028973658 -0.060650557 -0.022030881 0.999724090 0.008151451 0.003054118 0.029147102 -0.007507693 0.999546945 2.444088697
0.999378860 0.026021644 -0.023761276 -0.061834764 -0.025829880 0.999631464 0.008342266 0.003528655 0.023969596 -0.007723336 0.999682844 2.478764534
0.999383390 0.030139077 -0.018007729 -0.062726915 -0.029955935 0.999497533 0.010354815 0.003758119 0.018310765 -0.009808995 0.999784172 2.512223959
0.999334514 0.034638617 -0.011429710 -0.063501768 -0.034508102 0.999339044 0.011425667 0.004126698 0.011817927 -0.011023647 0.999869347 2.543724537
0.999282062 0.037661500 -0.004117177 -0.063953251 -0.037614968 0.999233425 0.010848672 0.004171500 0.004522600 -0.010686016 0.999932647 2.574832678
0.999127686 0.041625127 0.003344842 -0.064504959 -0.041660860 0.999066293 0.011436245 0.004010530 -0.002865684 -0.011565618 0.999929011 2.604408741
0.998910069 0.045422308 0.010753332 -0.064399093 -0.045537405 0.998905122 0.010711592 0.004481174 -0.010255014 -0.011189595 0.999884844 2.633373976
0.998564541 0.050226741 0.018605141 -0.064469010 -0.050385799 0.998696446 0.008181150 0.004454235 -0.018169966 -0.009106842 0.999793410 2.660363913
0.998275220 0.052397165 0.026482964 -0.064026557 -0.052555081 0.998604000 0.005301969 0.004219146 -0.026168186 -0.006684639 0.999635220 2.685372353
0.997987747 0.052831937 0.035059445 -0.064077944 -0.053043414 0.998579085 0.005129104 0.004191268 -0.034738641 -0.006978455 0.999372065 2.710167646
0.997754931 0.052096739 0.042083759 -0.061553545 -0.052409887 0.998605311 0.006371438 0.004361245 -0.041693144 -0.008562739 0.999093771 2.733387470
0.997296572 0.053857349 0.049987040 -0.060065180 -0.054265384 0.998503149 0.006840948 0.004504062 -0.049543783 -0.009535022 0.998726428 2.755507708
0.996642768 0.056687940 0.059073035 -0.059422866 -0.057210870 0.998336196 0.007197658 0.004394603 -0.058566734 -0.010553116 0.998227715 2.775770187
0.995768785 0.061741900 0.068061359 -0.058540836 -0.062340390 0.998032451 0.006702692 0.004296674 -0.067513615 -0.010917303 0.997658610 2.794665337
0.994932413 0.064991556 0.076719224 -0.056993306 -0.065684445 0.997818947 0.006540124 0.004463196 -0.076126836 -0.011546238 0.997031271 2.812026262
0.994213104 0.064194769 0.086136870 -0.055473119 -0.065070517 0.997853279 0.007395363 0.003987262 -0.085477211 -0.012957538 0.996255815 2.828121185
0.993279397 0.063426152 0.096815050 -0.053417832 -0.064242847 0.997920036 0.005339053 0.004262857 -0.096275046 -0.011522847 0.995288074 2.843716860
0.992172360 0.061598890 0.108626485 -0.051291615 -0.062062316 0.998071849 0.000887431 0.004123920 -0.108362392 -0.007622096 0.994082212 2.858844280
0.990567088 0.062837608 0.121771336 -0.048830718 -0.062909164 0.998013914 -0.003260698 0.004301780 -0.121734373 -0.004430594 0.992552817 2.874331713
0.988410652 0.064462930 0.137437195 -0.046682447 -0.064343773 0.997913659 -0.005314254 0.004106932 -0.137493044 -0.003590564 0.990496218 2.889281750
0.985883236 0.066641264 0.153600216 -0.043863267 -0.066413216 0.997770250 -0.006620994 0.003620399 -0.153698906 -0.003673559 0.988110900 2.903107405
0.983102977 0.067149572 0.170292124 -0.040569484 -0.066817567 0.997735620 -0.007686670 0.003400786 -0.170422658 -0.003821716 0.985363662 2.917691946
0.979827166 0.065946989 0.188652635 -0.037394524 -0.065402165 0.997817278 -0.009118550 0.003443101 -0.188842162 -0.003403688 0.982001543 2.932425261
0.976009309 0.065223411 0.207730025 -0.033226132 -0.064683452 0.997861564 -0.009398172 0.003266500 -0.207898825 -0.004263991 0.978141010 2.946404696
0.971462071 0.065562829 0.227954060 -0.029197335 -0.064866558 0.997838199 -0.010553376 0.002962977 -0.228153154 -0.004534392 0.973614752 2.960693598
0.966138840 0.067993172 0.248902783 -0.024797559 -0.066940643 0.997676134 -0.012700558 0.002594452 -0.249187917 -0.004391211 0.968445182 2.974550724
0.959935069 0.068831496 0.271637380 -0.020055294 -0.067273192 0.997620940 -0.015056266 0.002662551 -0.272027493 -0.003820878 0.962281883 2.988609791
0.952666998 0.069724724 0.295912206 -0.014365613 -0.067938164 0.997555852 -0.016328758 0.002478905 -0.296327472 -0.004547858 0.955075562 3.002662420
0.944082260 0.072866976 0.321557194 -0.008999825 -0.071135744 0.997319400 -0.017146669 0.001869828 -0.321944684 -0.006686350 0.946734905 3.016461134
0.934252739 0.074496485 0.348743469 -0.002925217 -0.072646216 0.997188151 -0.018400567 0.001556832 -0.349133581 -0.008144115 0.937037647 3.030467510
0.923111320 0.075308144 0.377086401 0.004404426 -0.073300205 0.997115433 -0.019694872 0.000895832 -0.377481878 -0.009459948 0.925968587 3.044374704
0.910423577 0.073913679 0.407020479 0.012016058 -0.071077026 0.997225821 -0.022108003 0.000570506 -0.407525420 -0.008802165 0.913151443 3.057685137
0.895585775 0.071246319 0.439146966 0.020630121 -0.067170374 0.997432351 -0.024835747 0.000093624 -0.439788848 -0.007255130 0.898071885 3.070393562
0.878257513 0.070576578 0.472951084 0.029477954 -0.064494796 0.997494042 -0.029086843 -0.000442930 -0.473818719 -0.004957152 0.880608439 3.083323479
0.858692765 0.072644442 0.507315993 0.039353490 -0.064106598 0.997353137 -0.034306608 -0.000970118 -0.508465409 -0.003063468 0.861076891 3.096872091
0.836961269 0.074324295 0.542191565 0.049678087 -0.063413322 0.997232258 -0.038813036 -0.001527742 -0.543575704 -0.001897155 0.839358032 3.109359741
0.812361598 0.077040069 0.578042626 0.060982108 -0.064301826 0.997024477 -0.042513285 -0.002246611 -0.579597950 -0.002633039 0.814898372 3.122626305
0.784901738 0.081320740 0.614260733 0.073280692 -0.067404523 0.996673048 -0.045818124 -0.002828419 -0.615943074 -0.005441215 0.787771821 3.136170387
0.755032659 0.085282654 0.650117397 0.087016582 -0.070580147 0.996315241 -0.048726734 -0.003728636 -0.651877463 -0.009095107 0.758269787 3.150147915
0.722077250 0.086592175 0.686371803 0.102241039 -0.070509352 0.996180773 -0.051500145 -0.004688345 -0.688209891 -0.011208530 0.725425065 3.163505554
0.685578763 0.083981656 0.723138213 0.119349003 -0.066668741 0.996392429 -0.052510042 -0.005812123 -0.724939287 -0.012210941 0.688704431 3.177129745
0.646345615 0.082680427 0.758552074 0.137631536 -0.063763902 0.996487558 -0.054283027 -0.006835006 -0.760375917 -0.013282636 0.649347365 3.190804005
0.603937328 0.082291037 0.792772293 0.157009840 -0.061767545 0.996496737 -0.056383185 -0.008139841 -0.794634819 -0.014915697 0.606904447 3.203382492
0.558159113 0.081139073 0.825757265 0.178811193 -0.057278171 0.996600926 -0.059209835 -0.009705454 -0.827754617 -0.014249354 0.560909271 3.215751886
0.509624958 0.080280080 0.856643140 0.200953007 -0.054575417 0.996648788 -0.060933240 -0.011230163 -0.858664036 -0.015698554 0.512298405 3.227401257
0.461319804 0.079354741 0.883678019 0.226859570 -0.053112622 0.996675909 -0.061774835 -0.011983290 -0.885642767 -0.018436497 0.464001089 3.238345146
0.411311746 0.077257410 0.908214748 0.252679467 -0.052733880 0.996749461 -0.060906559 -0.013461001 -0.909968078 -0.022842104 0.414048851 3.248758316
0.361006230 0.077368625 0.929348528 0.281047463 -0.056286789 0.996543407 -0.061097994 -0.014911897 -0.930863261 -0.030253282 0.364113152 3.258747101
0.311940253 0.077265449 0.946954906 0.307236612 -0.053395204 0.996538341 -0.063722007 -0.016067304 -0.948600113 -0.030685391 0.314986020 3.265595436
0.265310407 0.073596545 0.961350083 0.336609662 -0.042395782 0.997008562 -0.064626127 -0.018453345 -0.963230371 -0.023611203 0.267636955 3.270560741
0.221340090 0.068013795 0.972822130 0.366405427 -0.028143704 0.997594893 -0.063342422 -0.019619741 -0.974790514 -0.013358594 0.222721949 3.274821758
0.178944796 0.067167439 0.981563628 0.398010731 -0.019143628 0.997715771 -0.064782701 -0.021394994 -0.983672917 -0.007198160 0.179821864 3.278617144
0.140514284 0.068306252 0.987719536 0.430725276 -0.015785027 0.997645080 -0.066747047 -0.023200262 -0.989952803 -0.006212262 0.141261578 3.282111645
0.107822552 0.069156319 0.991761863 0.465060115 -0.007645802 0.997605860 -0.068732567 -0.025740741 -0.994140744 -0.000171894 0.108093157 3.284660101
0.078888260 0.067456245 0.994598508 0.499304146 0.000293244 0.997706473 -0.067690268 -0.027542066 -0.996883392 0.005631628 0.078687541 3.285624266
0.054439142 0.065709412 0.996352553 0.534475863 0.007341327 0.997779071 -0.066204600 -0.029703114 -0.998490036 0.010918673 0.053835839 3.285961866
0.034056418 0.065072984 0.997299194 0.571091354 0.012276830 0.997775495 -0.065523311 -0.031248190 -0.999344468 0.014475163 0.033181772 3.286461353
0.017739028 0.067042053 0.997592390 0.607977211 0.015252667 0.997615099 -0.067314819 -0.033055156 -0.999726355 0.016410043 0.016674146 3.287346601
0.004434311 0.066525154 0.997774899 0.646259904 0.015245129 0.997664213 -0.066585526 -0.035636988 -0.999873936 0.015506467 0.003409769 3.286775112
-0.006811409 0.067526869 0.997694254 0.684350491 0.016754590 0.997584999 -0.067405090 -0.037527744 -0.999836445 0.016256832 -0.007926343 3.285863876
-0.016179359 0.070166685 0.997403979 0.723993719 0.021387741 0.997330666 -0.069814570 -0.040383074 -0.999640286 0.020202667 -0.017636877 3.284832001
-0.022901887 0.071850173 0.997152388 0.764149964 0.025512915 0.997131169 -0.071262687 -0.042795192 -0.999412119 0.023808222 -0.024669295 3.283806562
-0.027387600 0.071541518 0.997061551 0.805616498 0.025951546 0.997150421 -0.070835061 -0.044952851 -0.999288082 0.023935290 -0.029166166 3.282146454
-0.030869545 0.069240287 0.997122288 0.846674204 0.023487836 0.997372508 -0.068530515 -0.046733715 -0.999247432 0.021304740 -0.032414738 3.280991554
-0.033668123 0.062079038 0.997503161 0.890774965 0.021318769 0.997886539 -0.061383333 -0.049565334 -0.999205649 0.019198881 -0.034920420 3.279980183
-0.034321558 0.056954354 0.997786760 0.933324873 0.022877973 0.998158097 -0.056188595 -0.051395446 -0.999149024 0.020898860 -0.035561334 3.277940989
-0.035211343 0.053848960 0.997928023 0.978470266 0.025434323 0.998272061 -0.052970089 -0.054074682 -0.999056101 0.023516476 -0.036520109 3.276125193
-0.034939114 0.056422878 0.997795403 1.022772431 0.028952485 0.998043060 -0.055423077 -0.056093868 -0.998969972 0.026952224 -0.036504317 3.274554491
-0.034227498 0.063626714 0.997386575 1.067475080 0.029546592 0.997599602 -0.062626332 -0.058547851 -0.998977244 0.027325829 -0.036025286 3.272840500
-0.031706396 0.071535185 0.996933997 1.112419009 0.030469650 0.997041106 -0.070573799 -0.061026908 -0.999032736 0.028138589 -0.033792231 3.271500349
-0.029777076 0.072592959 0.996917069 1.159075141 0.031015331 0.996946156 -0.071668692 -0.063036643 -0.999075234 0.028785631 -0.031937629 3.270034313
-0.027512455 0.068091393 0.997299731 1.206247926 0.030501273 0.997270048 -0.067247920 -0.065927185 -0.999155998 0.028568752 -0.029514220 3.269059896
-0.024359021 0.061406724 0.997815549 1.253504157 0.029974477 0.997707784 -0.060668342 -0.069163002 -0.999253750 0.028431175 -0.026143823 3.267078400
-0.022398205 0.060066435 0.997943044 1.302193642 0.027871959 0.997842968 -0.059434839 -0.071846798 -0.999360561 0.026483396 -0.024024062 3.267127514
-0.018965613 0.065674856 0.997660875 1.348273158 0.035120513 0.997268260 -0.064981364 -0.074518546 -0.999203205 0.033805948 -0.021220334 3.265605927
-0.015605100 0.071030669 0.997352064 1.395897627 0.037054852 0.996829510 -0.070413664 -0.077441320 -0.999191403 0.035857923 -0.018187651 3.264533997
-0.013157875 0.071892202 0.997325659 1.443628311 0.031039592 0.996960640 -0.071456380 -0.080138557 -0.999431551 0.030016361 -0.015349389 3.264583111
-0.009899487 0.068054728 0.997632504 1.490848541 0.026447849 0.997350156 -0.067773029 -0.083182402 -0.999601185 0.025714312 -0.011673153 3.264719725
-0.004966653 0.064490609 0.997906029 1.538749099 0.030350653 0.997468293 -0.064311266 -0.086360514 -0.999526978 0.029967688 -0.006911410 3.264175177
-0.001193578 0.065253675 0.997868001 1.585836172 0.034991536 0.997260392 -0.065172084 -0.089739077 -0.999386847 0.034839150 -0.003473635 3.263653517
0.001119738 0.069688298 0.997568190 1.633291364 0.034904078 0.996958256 -0.069684848 -0.093026295 -0.999390006 0.034897227 -0.001316074 3.264205694
0.004342685 0.070494711 0.997502744 1.680979729 0.030935921 0.997025192 -0.070595637 -0.095683284 -0.999511898 0.031165240 0.002148948 3.265403271
0.008387269 0.070132114 0.997502565 1.728754044 0.030061452 0.997069001 -0.070354410 -0.098766513 -0.999512851 0.030576453 0.006254413 3.265657663
0.012169939 0.067255668 0.997661531 1.776259422 0.033972915 0.997131705 -0.067634344 -0.101816989 -0.999348700 0.034716580 0.009850159 3.265951872
0.016100015 0.067719236 0.997574508 1.823980808 0.038595725 0.996918261 -0.068297572 -0.104973100 -0.999125123 0.039601710 0.013436726 3.265685797
0.019222789 0.068592623 0.997459531 1.871160150 0.041395612 0.996733844 -0.069340482 -0.107980505 -0.998957932 0.042623367 0.016320569 3.267330170
0.022281971 0.068173401 0.997424662 1.919281483 0.042142428 0.996721447 -0.069066785 -0.111380726 -0.998863161 0.043572839 0.019335929 3.267781973
0.025783589 0.066783614 0.997434258 1.967699647 0.043234140 0.996757865 -0.067855939 -0.114470959 -0.998732150 0.044872783 0.022812666 3.268745422
0.029466746 0.065601043 0.997410774 2.015264273 0.045750331 0.996709764 -0.066906564 -0.117922008 -0.998518109 0.047603387 0.026368530 3.270287514
0.032179821 0.065706432 0.997319996 2.063544273 0.043737251 0.996788442 -0.067082651 -0.121115223 -0.998524666 0.045778736 0.029202655 3.271872520
0.034928694 0.067365304 0.997116804 2.111683130 0.040645204 0.996804357 -0.068767995 -0.123985082 -0.998562932 0.042929988 0.032079000 3.274291039
0.038313754 0.067626812 0.996974766 2.159708500 0.043072939 0.996668279 -0.069261312 -0.126491621 -0.998336911 0.045596298 0.035273217 3.275578260
0.040561963 0.067586094 0.996888578 2.208405256 0.040288121 0.996787786 -0.069218509 -0.129633382 -0.998364449 0.042970400 0.037708741 3.278254747
0.042845629 0.067808658 0.996777892 2.257187605 0.038522832 0.996840060 -0.069468759 -0.132872105 -0.998338640 0.041375138 0.040098049 3.280593395
0.045558777 0.067873009 0.996653259 2.305593252 0.035653159 0.996943116 -0.069522493 -0.136145860 -0.998325288 0.038701195 0.042999614 3.283766031
0.048560195 0.070393100 0.996336579 2.354683399 0.033942707 0.996820986 -0.072081640 -0.138702452 -0.998243332 0.037318669 0.046016484 3.286517859
0.052192137 0.073247358 0.995947182 2.403889179 0.032613654 0.996649444 -0.075008102 -0.142747283 -0.998104274 0.036396317 0.049628403 3.288901567
0.055765562 0.075870514 0.995557070 2.452938080 0.032980397 0.996424556 -0.077784009 -0.145775646 -0.997899055 0.037171543 0.053063929 3.291709661
0.058482453 0.077812783 0.995251179 2.502766609 0.027094558 0.996466577 -0.079499915 -0.149190605 -0.997920692 0.031615235 0.056167513 3.295481682
0.061315473 0.076652028 0.995170832 2.553143978 0.023319958 0.996664524 -0.078203902 -0.152971968 -0.997845948 0.028002454 0.059323445 3.299216032
0.064237833 0.077516027 0.994919479 2.603189468 0.025577649 0.996523321 -0.079292409 -0.156413883 -0.997606754 0.030541278 0.062031817 3.303276539
0.068555094 0.078600511 0.994546235 2.653270006 0.024767628 0.996450186 -0.080458246 -0.160154670 -0.997339785 0.030148376 0.066364996 3.306448221
0.071928151 0.079780996 0.994213939 2.704290152 0.020535203 0.996465981 -0.081447400 -0.163686246 -0.997198403 0.026274746 0.070035644 3.310862541
0.075955197 0.077564336 0.994089842 2.755406141 0.019814624 0.996655524 -0.079278514 -0.167367309 -0.996914327 0.025719132 0.074164271 3.315364838
0.080848977 0.077634118 0.993698299 2.805991411 0.019964736 0.996635854 -0.079487972 -0.171329826 -0.996526420 0.026265452 0.079027042 3.319394350
0.085565314 0.081442378 0.992998362 2.857255459 0.016522298 0.996400535 -0.083145104 -0.175150976 -0.996195614 0.023520954 0.083911709 3.325037479
0.091446124 0.089938305 0.991740286 2.908211231 0.014344871 0.995690823 -0.091619268 -0.179381490 -0.995706737 0.022604616 0.089761928 3.330237627
0.098960936 0.094779931 0.990567267 2.960202217 0.012870398 0.995248437 -0.096513636 -0.183394447 -0.995008051 0.022300078 0.097270876 3.335608482
0.105956078 0.097689502 0.989560544 3.012042046 0.008360330 0.995039880 -0.099125594 -0.188190624 -0.994335711 0.018776014 0.104613803 3.342108011
0.113038860 0.096276842 0.988914967 3.064672232 0.005295672 0.995221794 -0.097496167 -0.192525730 -0.993576527 0.016257823 0.111988887 3.349277020
0.120691136 0.094108358 0.988219261 3.116367102 0.004709787 0.995430708 -0.095370330 -0.197556213 -0.992678940 0.016164655 0.119696446 3.355359554
0.128068820 0.090371698 0.987639248 3.169639111 0.004706839 0.995773137 -0.091726318 -0.202283427 -0.991754055 0.016395938 0.127102137 3.362766743
0.135389119 0.085264012 0.987116933 3.221408367 0.001436832 0.996272326 -0.086251900 -0.206827074 -0.990791440 0.013095890 0.134761930 3.370119333
0.142738774 0.077622421 0.986711860 3.274353981 -0.001240428 0.996933222 -0.078247055 -0.211277336 -0.989759564 0.009944942 0.142397314 3.378065586
0.150082111 0.074834235 0.985837281 3.325569630 -0.000978884 0.997141957 -0.075543329 -0.215457499 -0.988673031 0.010372681 0.149726436 3.385801792
0.157435194 0.077608518 0.984475017 3.377530813 -0.001118955 0.996920526 -0.078410685 -0.218496323 -0.987528682 0.011243018 0.157037213 3.394923210
0.163366437 0.083379596 0.983035743 3.428296566 -0.000339735 0.996426880 -0.084458955 -0.223149687 -0.986565411 0.013463788 0.162811011 3.403654337
0.168498009 0.087713733 0.981791675 3.477743626 -0.002328678 0.996065438 -0.088589326 -0.226568326 -0.985699236 0.012640850 0.168039322 3.411956310
0.173717365 0.090199292 0.980656147 3.527248383 -0.003639370 0.995848596 -0.090951987 -0.231552780 -0.984788835 0.012230970 0.173324481 3.421145916
0.178443849 0.089607969 0.979861319 3.578092098 -0.006151270 0.995926678 -0.089956909 -0.235925809 -0.983930886 0.010024868 0.178268194 3.431842804
0.183449164 0.086548597 0.979211867 3.627365589 -0.001978382 0.996147215 -0.087674797 -0.240315035 -0.983027220 0.014146613 0.182913572 3.441278219
0.188368499 0.079845630 0.978847265 3.676318169 -0.001421289 0.996710718 -0.081029259 -0.244371206 -0.982097387 0.013872134 0.187862396 3.450511932
0.191658050 0.073519543 0.978704274 3.724807262 -0.002938601 0.997228920 -0.074335642 -0.248189479 -0.981457472 0.011371000 0.191343009 3.460215569
0.194650337 0.070618376 0.978327334 3.772314548 -0.007186650 0.997480869 -0.070571057 -0.251744568 -0.980846405 0.006705786 0.194667518 3.470577240
0.197952583 0.070640191 0.977662861 3.819196701 -0.008774903 0.997487605 -0.070295908 -0.255310148 -0.980172336 0.005336360 0.198075116 3.480661392
0.200114921 0.072838195 0.977061212 3.866682291 -0.009852255 0.997331917 -0.072331466 -0.258216321 -0.979722917 0.004848353 0.200298667 3.490704060
0.201468453 0.077021152 0.976462126 3.911747456 -0.013978732 0.997028112 -0.075759195 -0.262044489 -0.979395270 0.001613386 0.201946393 3.500872612
0.203596637 0.080991037 0.975699127 3.956182957 -0.015047486 0.996713698 -0.079595484 -0.265529543 -0.978939295 0.001523557 0.204146281 3.510462284
0.205545738 0.086263768 0.974838197 4.000859261 -0.015484727 0.996269524 -0.084895268 -0.269078314 -0.978524983 0.002354756 0.206114724 3.520705700
0.207084224 0.088379927 0.974322975 4.044620037 -0.014875154 0.996080458 -0.087191954 -0.272364408 -0.978210032 0.003562873 0.207587227 3.530253887
0.208246410 0.088545077 0.974060297 4.088159561 -0.017502371 0.996071577 -0.086804137 -0.276031703 -0.977919757 0.001028286 0.208978102 3.540613890
0.209401086 0.085442714 0.974089801 4.131509304 -0.017400032 0.996342838 -0.083654180 -0.279896557 -0.977675021 0.000568079 0.210122004 3.549587727
0.210686281 0.082763195 0.974043906 4.173370838 -0.017327808 0.996569097 -0.080929138 -0.283628285 -0.977400064 0.000172613 0.211397588 3.558080435
0.209935963 0.081362516 0.974323869 4.215240955 -0.015922930 0.996683836 -0.079798825 -0.287194431 -0.977585554 0.001238553 0.210535318 3.567929029
0.208544314 0.080891415 0.974661887 4.255924225 -0.015952306 0.996722400 -0.079309069 -0.290171713 -0.977882802 0.000991348 0.209151193 3.577049732
0.206746653 0.081514880 0.974992871 4.296313286 -0.017930225 0.996671557 -0.079525247 -0.294022024 -0.978230178 -0.001040264 0.207520068 3.586006641
0.204414889 0.084476925 0.975232363 4.335669518 -0.018444380 0.996424794 -0.082446605 -0.297128201 -0.978710532 -0.001134244 0.205242187 3.594811916
0.202322230 0.088516504 0.975310445 4.374866486 -0.016439298 0.996073484 -0.086990677 -0.300419897 -0.979181051 0.001566727 0.202982977 3.603170395
0.200303540 0.089059830 0.975677550 4.413223743 -0.014439417 0.996020019 -0.087952323 -0.303715110 -0.979627371 0.003528944 0.200792283 3.611030817
0.198366389 0.087755695 0.976191342 4.451096058 -0.014858878 0.996138334 -0.086529478 -0.306664437 -0.980015278 0.002659430 0.198904365 3.618197918
0.195503846 0.085234910 0.976991892 4.489153385 -0.015393868 0.996359944 -0.083844200 -0.309685320 -0.980582058 0.001352177 0.196104318 3.626519203
0.193707600 0.080860741 0.977721274 4.525619984 -0.014637027 0.996724904 -0.079532482 -0.313146442 -0.980950117 0.001095116 0.194256723 3.633413792
0.191754520 0.080354549 0.978147864 4.562289715 -0.011099964 0.996756494 -0.079707228 -0.316061705 -0.981380165 0.004426815 0.192024484 3.640892982
0.189974308 0.081265189 0.978419960 4.597575188 -0.007381728 0.996658504 -0.081346765 -0.319206625 -0.981761277 0.008231367 0.189939365 3.647333622
0.187508866 0.083056137 0.978745162 4.632001400 -0.003340531 0.996466935 -0.083920017 -0.321964204 -0.982257247 0.012466217 0.187123820 3.653666973
0.185912162 0.085048489 0.978878617 4.667345524 -0.003578372 0.996298790 -0.085882388 -0.324674726 -0.982559919 0.012463790 0.185528383 3.660188675
0.184749648 0.087637357 0.978870332 4.703113079 -0.004199628 0.996077478 -0.088385269 -0.327833414 -0.982776642 0.012218256 0.184393018 3.666633368
0.183853924 0.085774541 0.979203999 4.737808228 -0.002689542 0.996225536 -0.086760581 -0.330963880 -0.982949853 0.013317662 0.183390632 3.672992706
0.184626937 0.084569201 0.979163468 4.773610115 0.003914760 0.996219814 -0.086780503 -0.333397329 -0.982800901 0.019855207 0.183597907 3.679042339
0.186592862 0.082790986 0.978942633 4.809691906 0.008348739 0.996273220 -0.085847989 -0.336276114 -0.982401848 0.024191555 0.185206264 3.685784101
0.188701063 0.082003705 0.978604794 4.844900131 0.011341134 0.996259034 -0.085669942 -0.339335144 -0.981969059 0.027264496 0.187065125 3.692775726
0.192347556 0.081590384 0.977929175 4.880394459 0.008548458 0.996360540 -0.084809534 -0.342223704 -0.981289625 0.024672691 0.190950021 3.699774742
0.197045952 0.082844757 0.976887703 4.917736530 0.007169131 0.996274948 -0.085934974 -0.344738483 -0.980368018 0.023936573 0.195718020 3.708104134
0.203943416 0.081535034 0.975581348 4.953960896 0.008863260 0.996331036 -0.085122056 -0.347425073 -0.978942633 0.026006915 0.202472508 3.715531826
0.211072937 0.082119577 0.974014640 4.990232468 0.006543459 0.996323705 -0.085418433 -0.349857986 -0.977448463 0.024402948 0.209759623 3.724499226
0.219804645 0.079566695 0.972293735 5.028476715 0.007045447 0.996512771 -0.083141394 -0.353247523 -0.975518405 0.025125111 0.218477547 3.733138561
0.228840873 0.079177998 0.970238388 5.065641403 0.003763631 0.996607304 -0.082217552 -0.356506765 -0.973456621 0.022466360 0.227766499 3.742678165
0.238376841 0.078956410 0.967957914 5.103580952 0.002173214 0.996643901 -0.081831522 -0.359442234 -0.971170366 0.021610316 0.237405211 3.752390623
0.248107672 0.082934491 0.965175867 5.141722202 -0.003064057 0.996390760 -0.084829055 -0.362219036 -0.968727589 0.018089382 0.247466311 3.762928486
0.257175088 0.085224889 0.962599516 5.180132866 -0.006247795 0.996229470 -0.086533152 -0.364854276 -0.966344535 0.016240045 0.256737888 3.774697781
0.268241316 0.087751269 0.959346831 5.219015121 -0.010310750 0.996047139 -0.088225260 -0.368144065 -0.963296592 0.013774076 0.268085778 3.785883665
0.278337389 0.089459203 0.956308246 5.258521557 -0.011843294 0.995896995 -0.089715563 -0.371396989 -0.960410416 0.013645352 0.278254807 3.798396587
0.287735671 0.090561852 0.953418493 5.297895908 -0.015401512 0.995827913 -0.089942113 -0.374912024 -0.957585931 0.011195463 0.287930042 3.811202526
0.298437685 0.090554819 0.950123549 5.338706493 -0.015509452 0.995817542 -0.090038262 -0.378033698 -0.954303026 0.012134921 0.298593909 3.824426651
0.308849365 0.091724046 0.946677804 5.379794598 -0.019949647 0.995744705 -0.089969695 -0.381054163 -0.950901687 0.008901196 0.309364945 3.838172913
0.319031149 0.087089986 0.943734288 5.421223164 -0.019717583 0.996163368 -0.085262693 -0.384279013 -0.947539091 0.008593294 0.319524348 3.853251219
0.329350978 0.080359049 0.940781713 5.462998867 -0.016347997 0.996707737 -0.079412945 -0.387363911 -0.944065988 0.010774832 0.329580367 3.868283987
0.340703517 0.075738303 0.937115133 5.507089138 -0.014616322 0.997056067 -0.075268783 -0.390606493 -0.940057158 0.011947160 0.340807557 3.884475708
0.350834429 0.072609380 0.933618248 5.551024437 -0.015733147 0.997305632 -0.071650289 -0.393860459 -0.936305285 0.010448635 0.351031572 3.901660442
0.360188305 0.070325471 0.930225074 5.595388412 -0.009486584 0.997379065 -0.071729086 -0.396311730 -0.932831407 0.017011316 0.359911352 3.918938160
0.368702441 0.064718805 0.927291811 5.640570164 -0.002468536 0.997637928 -0.068646982 -0.398899049 -0.929544270 0.023021253 0.367991269 3.936978817
0.376131535 0.055266283 0.924916565 5.687331676 0.007083445 0.998018920 -0.062514938 -0.401934385 -0.926539183 0.030065428 0.374994874 3.955057144
0.383090794 0.050395839 0.922334909 5.733959198 0.012606494 0.998132288 -0.059773467 -0.405145049 -0.923624635 0.034526072 0.381739914 3.973795891
0.390512705 0.050450888 0.919214010 5.781061172 0.014378424 0.998041093 -0.060885727 -0.408367813 -0.920485198 0.036993496 0.389022380 3.993264675
0.398575068 0.056554627 0.915390432 5.827014923 0.016844688 0.997477114 -0.068960555 -0.411256969 -0.916981041 0.042905424 0.396616876 4.012617588
0.405223310 0.061217636 0.912165761 5.872367382 0.020277930 0.996908188 -0.075913221 -0.413728058 -0.913992822 0.049258646 0.402729064 4.032837868
0.410416335 0.063153505 0.909708798 5.917432308 0.018649226 0.996809006 -0.077613778 -0.417049676 -0.911707520 0.048819322 0.407929003 4.053567410
0.414464414 0.065358602 0.907715619 5.963301659 0.010998761 0.996985137 -0.076808378 -0.420579791 -0.909999073 0.041818079 0.412496030 4.076365471
0.418952256 0.068783328 0.905399323 6.009400845 0.004524391 0.996956170 -0.077832468 -0.424259007 -0.907997012 0.036704473 0.417365789 4.097760677
0.422821760 0.072450496 0.903312147 6.053323269 0.003133659 0.996676028 -0.081405587 -0.428048253 -0.906207442 0.037250724 0.421189278 4.119170189
0.426135629 0.076745979 0.901398063 6.095321655 -0.000670064 0.996421576 -0.084519610 -0.432297170 -0.904658973 0.035412826 0.424662173 4.139561653
0.430343479 0.078900531 0.899210453 6.139760017 -0.002214971 0.996261835 -0.086356215 -0.435708821 -0.902662516 0.035171114 0.428909630 4.161294460
0.433974504 0.077273734 0.897605062 6.181598186 -0.003705370 0.996459484 -0.083992511 -0.439996600 -0.900917530 0.033124648 0.432724357 4.182342052
0.438501000 0.074349828 0.895650089 6.224733353 -0.002284440 0.996661186 -0.081616536 -0.443381429 -0.898727715 0.033742882 0.437206805 4.203454494
0.442237765 0.071295731 0.894059658 6.266300201 -0.002347149 0.996924102 -0.078337543 -0.447196394 -0.896894813 0.032545328 0.441044778 4.223322868
0.445729047 0.070476241 0.892389297 6.307020187 -0.003311196 0.997018933 -0.077085480 -0.450921565 -0.895161748 0.031404357 0.444633722 4.244056702
0.449081868 0.072041303 0.890581548 6.346420288 -0.005213100 0.996938467 -0.078016043 -0.454217583 -0.893475413 0.030392902 0.448082566 4.264410019
0.451734960 0.072845317 0.889173210 6.386070251 -0.004371687 0.996829748 -0.079444043 -0.457321674 -0.892141402 0.032000467 0.450621337 4.285099030
0.454088926 0.071275197 0.888100863 6.425256729 -0.002119720 0.996878564 -0.078921415 -0.460340261 -0.890953779 0.033954818 0.452822596 4.305006981
0.456192821 0.070106342 0.887115061 6.464142323 -0.000249786 0.996901989 -0.078654051 -0.463934600 -0.889880955 0.035659824 0.454797029 4.324240685
0.458057284 0.070155345 0.886149943 6.501915455 -0.001765814 0.996950746 -0.078014523 -0.466979355 -0.888920963 0.034170344 0.456784457 4.343531609
0.459983259 0.069061041 0.885237813 6.538417339 -0.000291159 0.996982336 -0.077627398 -0.470699847 -0.887927473 0.035449557 0.458615273 4.362455845
0.462518007 0.070643209 0.883791089 6.574835777 -0.000704357 0.996849537 -0.079311602 -0.473859489 -0.886609614 0.036060538 0.461110711 4.381891251
0.465197533 0.070365265 0.882405758 6.611127377 0.002581680 0.996723533 -0.080842279 -0.477059186 -0.885203063 0.039885715 0.463491678 4.401324272
0.468522698 0.070069723 0.880668342 6.647464752 0.003713890 0.996684670 -0.081276305 -0.480640322 -0.883443594 0.041350499 0.466709167 4.420779228
0.471691519 0.068061225 0.879133105 6.681550026 0.007750486 0.996657968 -0.081318326 -0.483083010 -0.881729603 0.045170870 0.469587684 4.438719749
0.474847913 0.067218587 0.877497137 6.715624332 0.009459226 0.996631444 -0.081463352 -0.485818326 -0.880017102 0.046983145 0.472612500 4.457320690
0.478087842 0.066784315 0.875769317 6.748568535 0.009738473 0.996640623 -0.081317984 -0.489201456 -0.878258049 0.047405798 0.475831389 4.474822998
0.481827736 0.065870240 0.873786569 6.782425880 0.010296413 0.996676207 -0.080811940 -0.492343605 -0.876205385 0.047934309 0.479548007 4.493479252
0.485442489 0.065770298 0.871791124 6.815217495 0.012342785 0.996551394 -0.082055420 -0.494678885 -0.874181449 0.050593518 0.482956558 4.511397362
0.489567220 0.066576675 0.869420171 6.847492218 0.012235219 0.996458292 -0.083194345 -0.497737110 -0.871879756 0.051366765 0.487018704 4.529355049
0.493752956 0.066888362 0.867025912 6.878639221 0.013767795 0.996311188 -0.084702790 -0.500911534 -0.869493186 0.053759292 0.491010666 4.547185898
0.498635232 0.069859967 0.863992155 6.910512924 0.011261622 0.996140778 -0.087044545 -0.504528522 -0.866738856 0.053133428 0.495924085 4.565488338
0.503808916 0.076301463 0.860438704 6.943050385 0.008186298 0.995624661 -0.093082704 -0.506944656 -0.863776505 0.053939689 0.500979960 4.585805416
0.509691775 0.083292693 0.856315792 6.973742008 0.003575447 0.995089173 -0.098919131 -0.509803057 -0.860349715 0.053479970 0.506890833 4.604740620
0.514978886 0.089510582 0.852516651 7.005051613 -0.002698798 0.994697452 -0.102808714 -0.513962030 -0.857198656 0.050643537 0.512489736 4.625777245
0.521703422 0.093975715 0.847935259 7.036277771 -0.006159936 0.994303524 -0.106407583 -0.517217040 -0.853104830 0.050289962 0.519310415 4.645059109
0.527457893 0.094402924 0.844320059 7.067952633 -0.010217772 0.994440377 -0.104804635 -0.520366907 -0.849519789 0.046652950 0.525489926 4.665560722
0.532603145 0.093704142 0.841161966 7.099521637 -0.016980089 0.994835258 -0.100071751 -0.523669720 -0.846194744 0.039015524 0.531443536 4.686911106
0.538123608 0.091011122 0.837938011 7.131861687 -0.022689896 0.995357156 -0.093537487 -0.527142107 -0.842560470 0.031322002 0.537690282 4.709915638
0.544190288 0.089479335 0.834176540 7.163924217 -0.029468887 0.995721281 -0.087583154 -0.531114101 -0.838444173 0.023079643 0.544498622 4.731337547
0.550213337 0.087742634 0.830401421 7.196166515 -0.032528490 0.995961368 -0.083683200 -0.533945799 -0.834390283 0.019031918 0.550845385 4.753635883
0.556235731 0.091815114 0.825936913 7.229482174 -0.037045836 0.995629430 -0.085730053 -0.536163509 -0.830198288 0.017088596 0.557206035 4.777736664
0.562297463 0.095591322 0.821391463 7.262683868 -0.040986154 0.995297015 -0.087772220 -0.539326072 -0.825918615 0.015688429 0.563571036 4.801623821
0.568653405 0.098680161 0.816636741 7.296707153 -0.043899499 0.995003998 -0.089664795 -0.542734981 -0.821404994 0.015138248 0.570144415 4.825822830
0.575159609 0.100835502 0.811802685 7.330931187 -0.046443939 0.994798362 -0.090660341 -0.546296716 -0.816721678 0.014440847 0.576851010 4.850484371
0.581507742 0.101704493 0.807158530 7.366007328 -0.049080309 0.994733572 -0.089980163 -0.549025178 -0.812059104 0.012708570 0.583436906 4.877039433
0.587567091 0.103864782 0.802481771 7.402566910 -0.055381052 0.994564116 -0.088176586 -0.553309917 -0.807278037 0.007367361 0.590125263 4.905185223
0.594993293 0.101447947 0.797302485 7.438458443 -0.055620499 0.994821012 -0.085072786 -0.557158768 -0.801803827 0.006271364 0.597554445 4.932607174
0.602062941 0.099943958 0.792168736 7.475878239 -0.056209132 0.994978786 -0.082811497 -0.560149968 -0.796467721 0.005330611 0.604657531 4.962666512
